{
 "cells": [
  {
   "cell_type": "markdown",
   "metadata": {},
   "source": [
    "I-A TAD Conjunto Disjunto"
   ]
  },
  {
   "cell_type": "code",
   "execution_count": 1,
   "metadata": {},
   "outputs": [
    {
     "name": "stdout",
     "output_type": "stream",
     "text": [
      "[-1 -1 -1 -1 -1]\n"
     ]
    }
   ],
   "source": [
    "import numpy as np\n",
    "\n",
    "def init_cd(n: int):\n",
    "    return np.full(n, -1, dtype=int)\n",
    "\n",
    "print(init_cd(5))\n",
    "\n",
    "\n",
    "def union(rep_1: int, rep_2: int, p_cd: np.ndarray):\n",
    "    if p_cd[rep_1] < p_cd[rep_2]:\n",
    "        p_cd[rep_2] = rep_1\n",
    "        return rep_1\n",
    "    elif p_cd[rep_1] > p_cd[rep_2]:\n",
    "        p_cd[rep_1] = rep_2\n",
    "        return rep_2\n",
    "    else:\n",
    "        p_cd[rep_2] = rep_1\n",
    "        p_cd[rep_1] -= 1\n",
    "        return rep_2\n",
    "\n",
    "#test = np.array = [-4, 0, 5, 1, 0, 4, -3, 6, 7]\n",
    "#print(union(0, 6, test))\n",
    "\n",
    "def find(ind: int, p_cd: np.ndarray):\n",
    "    root = ind\n",
    "\n",
    "    #print(p_cd)\n",
    "    while p_cd[root] >= 0:\n",
    "        root  = p_cd[root]\n",
    "    \n",
    "    #print(f\"la raíz de {ind}: {root}\")\n",
    "\n",
    "    while p_cd[ind] >= 0:\n",
    "        a = p_cd[ind]\n",
    "        p_cd[ind] = root\n",
    "        ind = a\n",
    "    return root\n",
    "    \n",
    "\n",
    "\t\n",
    "#print(test)\n",
    "#print(find(2, test))\n",
    "\n"
   ]
  },
  {
   "cell_type": "markdown",
   "metadata": {},
   "source": [
    "II-A Algoritmo de Kruskall"
   ]
  },
  {
   "cell_type": "code",
   "execution_count": 2,
   "metadata": {},
   "outputs": [],
   "source": [
    "from queue import PriorityQueue\n",
    "\n",
    "def create_pq(n: int, l_g: list):\n",
    "    pq = PriorityQueue()\n",
    "\n",
    "    for u, v, w in l_g:\n",
    "        pq.put((w, (u,v)))\n",
    "    \n",
    "    return pq\n",
    "    \n",
    "\n",
    "def kruskal(n: int, l_g: list):\n",
    "    pq = create_pq(n, l_g)\n",
    "    ds = init_cd(n)\n",
    "    l_t = []\n",
    "\n",
    "    while not pq.empty():\n",
    "        _, (u, v) = pq.get()\n",
    "\n",
    "        x = find(u, ds)\n",
    "        y = find(v, ds)\n",
    "        \n",
    "        if x != y:\n",
    "            l_t.append((u,v))\n",
    "            union(x, y, ds)\n",
    "\n",
    "    return (n, l_t)\n"
   ]
  },
  {
   "cell_type": "markdown",
   "metadata": {},
   "source": [
    "II-B Coste de Kruskal"
   ]
  },
  {
   "cell_type": "code",
   "execution_count": 3,
   "metadata": {},
   "outputs": [
    {
     "name": "stdout",
     "output_type": "stream",
     "text": [
      "[(50, 0.004666725794474284), (60, 0.006333271662394206), (70, 0.009028275807698568), (80, 0.012076934178670248), (90, 0.014803806940714518), (100, 0.019240379333496094)]\n"
     ]
    },
    {
     "data": {
      "text/plain": [
       "[(50, 0.001611156463623047),\n",
       " (60, 0.0023537588119506834),\n",
       " (70, 0.003609812259674072),\n",
       " (80, 0.004149796962738037),\n",
       " (90, 0.0052151656150817875),\n",
       " (100, 0.0068205690383911135)]"
      ]
     },
     "execution_count": 3,
     "metadata": {},
     "output_type": "execute_result"
    }
   ],
   "source": [
    "import random\n",
    "from typing import List\n",
    "from time import time\n",
    "def complete_graph(n_nodes: int, max_weight=50)-> tuple[int, list]:\n",
    "    n = n_nodes\n",
    "    l_g = []\n",
    "\n",
    "    while n_nodes >= 1:\n",
    "        for i in range(n_nodes-1):\n",
    "            l_g.append((i, n_nodes -1, random.randint(1, max_weight)))\n",
    "\n",
    "        n_nodes -= 1\n",
    "\n",
    "    \n",
    "    return (n, l_g)\n",
    "\n",
    "\n",
    "\n",
    "\n",
    "def time_kruskal(n_graphs: int, n_nodes_ini: int, n_nodes_fin: int, step: int)-> List:\n",
    "    times = []\n",
    "\n",
    "    for n in range(n_nodes_ini, n_nodes_fin+1, step):\n",
    "        l_graphs = []\n",
    "        l_graphs = [complete_graph(n, 50) for i in range(0,n_graphs)]\n",
    "        media = 0\n",
    "        for graph in l_graphs:\n",
    "            time1 = time()\n",
    "            kruskal(graph[0], graph[1])\n",
    "            time2 = time()\n",
    "            media = media + time2 - time1\n",
    "        media = media / n_graphs\n",
    "        times.append((n, media))\n",
    "    \n",
    "    return times\n",
    "\n",
    "print(time_kruskal(3, 50, 100, 10))\n",
    "\n",
    "\n",
    "def kruskal_2(n: int, l_g: list):\n",
    "    pq = create_pq(n, l_g)\n",
    "    time1 = time()\n",
    "    ds = init_cd(n)\n",
    "    time1_fin = time()\n",
    "    l_t = []\n",
    "\n",
    "    time_k = time1_fin - time1\n",
    "    while not pq.empty():\n",
    "        _, (u, v) = pq.get()\n",
    "\n",
    "        time2 = time()\n",
    "        x = find(u, ds)\n",
    "        y = find(v, ds)\n",
    "        time2_fin = time()\n",
    "        \n",
    "        time3, time3_fin = 0, 0\n",
    "        if x != y:\n",
    "            l_t.append((u,v))\n",
    "            time3 = time()\n",
    "            union(x, y, ds)\n",
    "            time3_fin = time()\n",
    "        \n",
    "        time_k += time2_fin - time2 + time3_fin - time3 \n",
    "\n",
    "    return (n, l_t, time_k)\n",
    "\n",
    "def time_kruskal_2(n_graphs: int, n_nodes_ini: int, n_nodes_fin: int, step: int)-> List:\n",
    "    times = []\n",
    "\n",
    "    for n in range(n_nodes_ini, n_nodes_fin+1, step):\n",
    "        l_graphs = []\n",
    "        l_graphs = [complete_graph(n, 50) for i in range(0,n_graphs)]\n",
    "        media = 0\n",
    "        for graph in l_graphs:\n",
    "            _, _, k_time = kruskal_2(graph[0], graph[1])\n",
    "            media = media + k_time\n",
    "        media = media / n_graphs\n",
    "        times.append((n, media))\n",
    "    \n",
    "    return times\n",
    "\n",
    "time_kruskal_2(100, 50, 100, 10)\n"
   ]
  },
  {
   "cell_type": "markdown",
   "metadata": {},
   "source": []
  },
  {
   "cell_type": "code",
   "execution_count": 65,
   "metadata": {},
   "outputs": [
    {
     "name": "stdout",
     "output_type": "stream",
     "text": [
      "[[  0 189 155  44 231 234 271 288 108 187 188 449 390 358 223 353 361 228\n",
      "  168 277 316 275 186 322 270]\n",
      " [189   0  64 133 292 313 256 129 336 376 226 212 282 185 143 200 234 374\n",
      "  144 260 269 233 237 266 257]\n",
      " [155  64   0 109 242 183  73 275  64 158 343 114 267 356 288 385 104 316\n",
      "  325 303 226 251 265  97 144]\n",
      " [ 44 133 109   0 193 313 170 354 352 211 231 271 175 268 423 265 402  90\n",
      "  338 246  73 211 303 115 265]\n",
      " [231 292 242 193   0 168 219 158 233  65 405 177 354 267 238 138 266 328\n",
      "   88 229 281 118 141 383 379]\n",
      " [234 313 183 313 168   0  92 160  77 363 236  40 267 105 133  98 282 117\n",
      "  236 230 335 200 148 399 353]\n",
      " [271 256  73 170 219  92   0 170 386 216  24 189 222 168 187 103 197 310\n",
      "  302  94 193 336 247 258 188]\n",
      " [288 129 275 354 158 160 170   0 170 435 252 353 457 385  55 171 296  70\n",
      "  125 248 151 303 287 300 389]\n",
      " [108 336  64 352 233  77 386 170   0 175 365 267 326 306 127 246 174 373\n",
      "  350 260 141 251 396 135 203]\n",
      " [187 376 158 211  65 363 216 435 175   0 349 306 245 307 216 284 420 279\n",
      "  414 170  59 199 330 306 208]\n",
      " [188 226 343 231 405 236  24 252 365 349   0 256 220 283 350  12 210 255\n",
      "  272 151 149  98 177 302 330]\n",
      " [449 212 114 271 177  40 189 353 267 306 256   0 247 260 243 249 266 215\n",
      "  276 292 201 197 230 311 320]\n",
      " [390 282 267 175 354 267 222 457 326 245 220 247   0  63 351 149 255 346\n",
      "  120 229 217 363 202 454 412]\n",
      " [358 185 356 268 267 105 168 385 306 307 283 260  63   0 243  52  75 473\n",
      "  187 167 392 338  82 246 374]\n",
      " [223 143 288 423 238 133 187  55 127 216 350 243 351 243   0 301 353 139\n",
      "  264 223 243 399 202 107 157]\n",
      " [353 200 385 265 138  98 103 171 246 284  12 249 149  52 301   0 370 235\n",
      "  138 423 247  52 101 225 282]\n",
      " [361 234 104 402 266 282 197 296 174 420 210 266 255  75 353 370   0 338\n",
      "  274 308 300 257 186 344 258]\n",
      " [228 374 316  90 328 117 310  70 373 279 255 215 346 473 139 235 338   0\n",
      "  336 272 114 137 286 305 284]\n",
      " [168 144 325 338  88 236 302 125 350 414 272 276 120 187 264 138 274 336\n",
      "    0  88 172 216 284 337  66]\n",
      " [277 260 303 246 229 230  94 248 260 170 151 292 229 167 223 423 308 272\n",
      "   88   0 432 197 115 378 377]\n",
      " [316 269 226  73 281 335 193 151 141  59 149 201 217 392 243 247 300 114\n",
      "  172 432   0 412  59 456 174]\n",
      " [275 233 251 211 118 200 336 303 251 199  98 197 363 338 399  52 257 137\n",
      "  216 197 412   0 301 143 339]\n",
      " [186 237 265 303 141 148 247 287 396 330 177 230 202  82 202 101 186 286\n",
      "  284 115  59 301   0 261 225]\n",
      " [322 266  97 115 383 399 258 300 135 306 302 311 454 246 107 225 344 305\n",
      "  337 378 456 143 261   0 338]\n",
      " [270 257 144 265 379 353 188 389 203 208 330 320 412 374 157 282 258 284\n",
      "   66 377 174 339 225 338   0]]\n",
      "[0 4 2 1 3]\n",
      "[12 13 15 10  6  2  1  7 14 23  3  0  8  5 11  4  9 20 22 19 18 24 16 21\n",
      " 17] 2244\n"
     ]
    },
    {
     "ename": "KeyboardInterrupt",
     "evalue": "",
     "output_type": "error",
     "traceback": [
      "\u001b[1;31m---------------------------------------------------------------------------\u001b[0m",
      "\u001b[1;31mKeyboardInterrupt\u001b[0m                         Traceback (most recent call last)",
      "\u001b[1;32mc:\\Users\\dhuff\\Documents\\uni\\algoritmia\\Algoritmia_estructuras_avanzadas\\p203_d.ipynb Cell 8\u001b[0m line \u001b[0;36m5\n\u001b[0;32m     <a href='vscode-notebook-cell:/c%3A/Users/dhuff/Documents/uni/algoritmia/Algoritmia_estructuras_avanzadas/p203_d.ipynb#X10sZmlsZQ%3D%3D?line=51'>52</a>\u001b[0m     \u001b[39mreturn\u001b[39;00m best_circuit\n\u001b[0;32m     <a href='vscode-notebook-cell:/c%3A/Users/dhuff/Documents/uni/algoritmia/Algoritmia_estructuras_avanzadas/p203_d.ipynb#X10sZmlsZQ%3D%3D?line=53'>54</a>\u001b[0m \u001b[39mprint\u001b[39m(repeated_greedy_tsp(a), len_circuit(repeated_greedy_tsp(a), a))\n\u001b[1;32m---> <a href='vscode-notebook-cell:/c%3A/Users/dhuff/Documents/uni/algoritmia/Algoritmia_estructuras_avanzadas/p203_d.ipynb#X10sZmlsZQ%3D%3D?line=54'>55</a>\u001b[0m \u001b[39mprint\u001b[39m(exhaustive_tsp(a), len_circuit(exhaustive_tsp(a), a))\n",
      "\u001b[1;32mc:\\Users\\dhuff\\Documents\\uni\\algoritmia\\Algoritmia_estructuras_avanzadas\\p203_d.ipynb Cell 8\u001b[0m line \u001b[0;36m5\n\u001b[0;32m     <a href='vscode-notebook-cell:/c%3A/Users/dhuff/Documents/uni/algoritmia/Algoritmia_estructuras_avanzadas/p203_d.ipynb#X10sZmlsZQ%3D%3D?line=47'>48</a>\u001b[0m best_circuit \u001b[39m=\u001b[39m [item \u001b[39mfor\u001b[39;00m item \u001b[39min\u001b[39;00m \u001b[39mrange\u001b[39m(\u001b[39m0\u001b[39m, dist_m\u001b[39m.\u001b[39mshape[\u001b[39m0\u001b[39m])]\n\u001b[0;32m     <a href='vscode-notebook-cell:/c%3A/Users/dhuff/Documents/uni/algoritmia/Algoritmia_estructuras_avanzadas/p203_d.ipynb#X10sZmlsZQ%3D%3D?line=48'>49</a>\u001b[0m \u001b[39mfor\u001b[39;00m circuit \u001b[39min\u001b[39;00m permutations(\u001b[39mrange\u001b[39m(\u001b[39m0\u001b[39m, dist_m\u001b[39m.\u001b[39mshape[\u001b[39m0\u001b[39m])):\n\u001b[1;32m---> <a href='vscode-notebook-cell:/c%3A/Users/dhuff/Documents/uni/algoritmia/Algoritmia_estructuras_avanzadas/p203_d.ipynb#X10sZmlsZQ%3D%3D?line=49'>50</a>\u001b[0m     \u001b[39mif\u001b[39;00m \u001b[39mmin\u001b[39m(len_circuit(circuit, dist_m),len_circuit(best_circuit, dist_m)) \u001b[39m==\u001b[39m len_circuit(circuit, dist_m):\n\u001b[0;32m     <a href='vscode-notebook-cell:/c%3A/Users/dhuff/Documents/uni/algoritmia/Algoritmia_estructuras_avanzadas/p203_d.ipynb#X10sZmlsZQ%3D%3D?line=50'>51</a>\u001b[0m         best_circuit \u001b[39m=\u001b[39m circuit\n\u001b[0;32m     <a href='vscode-notebook-cell:/c%3A/Users/dhuff/Documents/uni/algoritmia/Algoritmia_estructuras_avanzadas/p203_d.ipynb#X10sZmlsZQ%3D%3D?line=51'>52</a>\u001b[0m \u001b[39mreturn\u001b[39;00m best_circuit\n",
      "\u001b[1;32mc:\\Users\\dhuff\\Documents\\uni\\algoritmia\\Algoritmia_estructuras_avanzadas\\p203_d.ipynb Cell 8\u001b[0m line \u001b[0;36m3\n\u001b[0;32m     <a href='vscode-notebook-cell:/c%3A/Users/dhuff/Documents/uni/algoritmia/Algoritmia_estructuras_avanzadas/p203_d.ipynb#X10sZmlsZQ%3D%3D?line=29'>30</a>\u001b[0m \u001b[39mfor\u001b[39;00m city \u001b[39min\u001b[39;00m circuit:\n\u001b[0;32m     <a href='vscode-notebook-cell:/c%3A/Users/dhuff/Documents/uni/algoritmia/Algoritmia_estructuras_avanzadas/p203_d.ipynb#X10sZmlsZQ%3D%3D?line=30'>31</a>\u001b[0m     dist \u001b[39m+\u001b[39m\u001b[39m=\u001b[39m dist_m[city][city_before]\n\u001b[1;32m---> <a href='vscode-notebook-cell:/c%3A/Users/dhuff/Documents/uni/algoritmia/Algoritmia_estructuras_avanzadas/p203_d.ipynb#X10sZmlsZQ%3D%3D?line=31'>32</a>\u001b[0m     city_before \u001b[39m=\u001b[39m city\n\u001b[0;32m     <a href='vscode-notebook-cell:/c%3A/Users/dhuff/Documents/uni/algoritmia/Algoritmia_estructuras_avanzadas/p203_d.ipynb#X10sZmlsZQ%3D%3D?line=32'>33</a>\u001b[0m \u001b[39mreturn\u001b[39;00m dist\n",
      "\u001b[1;31mKeyboardInterrupt\u001b[0m: "
     ]
    }
   ],
   "source": [
    "def dist_matrix(n_nodes: int, w_max=10) -> np.ndarray:\n",
    "    \"\"\"\n",
    "    \"\"\"\n",
    "    m = np.random.randint(1, w_max+1, (n_nodes, n_nodes))\n",
    "    m = (m + m.T) // 2\n",
    "    np.fill_diagonal(m, 0)\n",
    "    return m\n",
    "\n",
    "def greedy_tsp(dist_m: np.ndarray, node_ini=0)-> List:\n",
    "    num_cities = dist_m.shape[0]\n",
    "    circuit = [node_ini]\n",
    "    while len(circuit) < num_cities:\n",
    "        current_city = circuit[-1]\n",
    "        # sort cities in ascending distance from current\n",
    "        options = np.argsort(dist_m[ current_city ])\n",
    "        # add first city in sorted list not visited yet\n",
    "        for city in options:\n",
    "            if city not in circuit:\n",
    "                circuit.append(city)\n",
    "                break\n",
    "    return np.array(circuit)\n",
    "\n",
    "a = dist_matrix(10, 500)\n",
    "print(a)\n",
    "print(greedy_tsp(dist_matrix(5, 10), 0))\n",
    "\n",
    "def len_circuit(circuit: List, dist_m: np.ndarray)-> int:  \n",
    "    dist = 0\n",
    "    city_before = circuit[0]\n",
    "    for city in circuit:\n",
    "        dist += dist_m[city][city_before]\n",
    "        city_before = city\n",
    "    return dist\n",
    "\n",
    "def repeated_greedy_tsp(dist_m: np.ndarray)-> List:\n",
    "    best_circuit = greedy_tsp(dist_m, 0)\n",
    "\n",
    "    for city in range(1, dist_m.shape[0]-1):\n",
    "        circuit = greedy_tsp(dist_m, city)\n",
    "        if min(len_circuit(circuit, dist_m), len_circuit(best_circuit, dist_m)) == len_circuit(circuit, dist_m):\n",
    "            best_circuit = circuit\n",
    "    return best_circuit\n",
    "\n",
    "from itertools import permutations\n",
    "\n",
    "def exhaustive_tsp(dist_m: np.ndarray)-> List:\n",
    "\n",
    "    best_circuit = [item for item in range(0, dist_m.shape[0])]\n",
    "    for circuit in permutations(range(0, dist_m.shape[0])):\n",
    "        if min(len_circuit(circuit, dist_m),len_circuit(best_circuit, dist_m)) == len_circuit(circuit, dist_m):\n",
    "            best_circuit = circuit\n",
    "    return best_circuit\n",
    "\n",
    "print(repeated_greedy_tsp(a), len_circuit(repeated_greedy_tsp(a), a))\n",
    "print(exhaustive_tsp(a), len_circuit(exhaustive_tsp(a), a))\n"
   ]
  }
 ],
 "metadata": {
  "kernelspec": {
   "display_name": "Python 3",
   "language": "python",
   "name": "python3"
  },
  "language_info": {
   "codemirror_mode": {
    "name": "ipython",
    "version": 3
   },
   "file_extension": ".py",
   "mimetype": "text/x-python",
   "name": "python",
   "nbconvert_exporter": "python",
   "pygments_lexer": "ipython3",
   "version": "3.11.6"
  }
 },
 "nbformat": 4,
 "nbformat_minor": 2
}
